0 43 NMIR POLY_ID
1 7          20710.341
1 8         19998.2943
1 4         19270.7811
1 3         8380.07519
2 16          18892.191
2 7         14189.6229
2 9         11892.2824
2 13         11384.3878
3 4         14878.5441
3 7         14380.3023
3 1         8380.07519
3 8         12304.3525
4 15         20909.7688
4 1         19270.7811
4 12         12548.2924
4 3         14878.5441
5 22         14321.3981
5 21         13342.8533
5 6         7968.72837
5 16         12779.9821
6 22         15211.0371
6 17         12648.2268
6 5         7968.72837
6 11         8077.81418
7 2         14189.6229
7 13         11509.3421
7 9         5747.32625
7 8          5226.4414
8 15         14625.8335
8 3         12304.3525
8 9         9624.37002
8 7          5226.4414
9 2         11892.2824
9 8         9624.37002
9 7         5747.32625
9 13         5789.28466
10 17         20334.4455
10 6         19465.6859
10 14         11015.2646
10 11         11571.4124
11 17          11901.571
11 10         11571.4124
11 14         9386.98756
11 6         8077.81418
12 3         24795.0538
12 18          24029.061
12 4         12548.2924
12 15         16838.7886
13 2         11384.3878
13 19         10800.1672
13 9         5789.28466
13 16         8781.32223
14 6         16057.1608
14 10         11015.2646
14 11         9386.98756
14 17         10499.8432
15 12         16838.7886
15 8         14625.8335
15 18         7268.79514
15 20         13982.1903
16 24         9349.60426
16 13         8781.32223
16 19         6087.26721
16 21         6258.95036
17 30         10719.8592
17 14         10499.8432
17 22         9053.93316
17 26         9524.86458
18 19           13967.33
18 23         12898.1208
18 20         7294.64183
18 15         7268.79514
19 21         8993.24945
19 24         8790.30698
19 16         6087.26721
19 23          5914.0595
20 37         11175.2196
20 31         9476.39154
20 23         8240.86225
20 18         7294.64183
21 27         9262.93365
21 19         8993.24945
21 24          4821.6403
21 16         6258.95036
22 25          7305.0644
22 32         6876.46311
22 30         6087.73639
22 29          5499.9279
23 28         8904.95279
23 20         8240.86225
23 19          5914.0595
23 24         7614.81952
24 28         8037.15648
24 23         7614.81952
24 21          4821.6403
24 27         5693.42048
25 21         9359.57642
25 22          7305.0644
25 29         4506.35861
25 32         5632.98955
26 22         11246.9171
26 17         9524.86458
26 30         6995.89187
26 36         8113.80762
27 34         9027.42784
27 28         6111.90307
27 24         5693.42048
27 33         3625.70082
28 33         8583.24986
28 24         8037.15648
28 31          5815.1302
28 27         6111.90307
29 30           6713.372
29 22          5499.9279
29 25         4506.35861
29 32         1661.04684
30 26         6995.89187
30 29           6713.372
30 22         6087.73639
30 32          6704.7432
31 20         9476.39154
31 37         9210.33941
31 28          5815.1302
31 23          9170.7964
32 30          6704.7432
32 35         6587.99109
32 29         1661.04684
32 25         5632.98955
33 24         9069.82037
33 34         5682.27625
33 28         8583.24986
33 27         3625.70082
34 41         10239.0753
34 35         9343.60384
34 33         5682.27625
34 27         9027.42784
35 38         8393.11212
35 29         8232.30728
35 41         5232.61448
35 32         6587.99109
36 38         9943.20034
36 26         8113.80762
36 39         5467.07258
36 42         7911.35398
37 28         14909.3407
37 20         11175.2196
37 40         8699.86979
37 31         9210.33941
38 36         9943.20034
38 43         8431.53287
38 35         8393.11212
38 41         7316.22022
39 38         13721.1969
39 26         13174.9411
39 36         5467.07258
39 42         6665.53122
40 20         17505.6253
40 28         13418.1449
40 37         8699.86979
40 31         10103.9232
41 43         10837.2079
41 34         10239.0753
41 35         5232.61448
41 38         7316.22022
42 38         9990.58021
42 43         9097.71438
42 39         6665.53122
42 36         7911.35398
43 36         14628.2273
43 42         9097.71438
43 41         10837.2079
43 38         8431.53287
