0 506 boston POLY_ID
1 31       0.0268328157
1 29       0.0250798724
1 32        0.023307724
1 30       0.0233452351
2 28       0.0109128365
2 29       0.0102591423
2 27      0.00971287805
2 30      0.00955248659
3 30       0.0158113883
3 2       0.0147054412
3 4       0.0128062485
3 7              0.014
4 6       0.0159138305
4 3       0.0128062485
4 7      0.00894427191
4 5      0.00781024968
5 9       0.0178044938
5 7       0.0140356688
5 6       0.0081394103
5 4      0.00781024968
6 9       0.0183371208
6 10       0.0173277235
6 5       0.0081394103
6 4       0.0159138305
7 5       0.0140356688
7 3              0.014
7 4      0.00894427191
7 8       0.0130862523
8 10        0.010404326
8 12      0.00955248659
8 11             0.0065
8 9       0.0049244289
9 12        0.012083046
9 10      0.00565685425
9 8       0.0049244289
9 11      0.00447213596
10 62       0.0115433964
10 8        0.010404326
10 11              0.006
10 9      0.00565685425
11 12      0.00905538514
11 10              0.006
11 8             0.0065
11 9      0.00447213596
12 49       0.0110113578
12 8      0.00955248659
12 50      0.00931074648
12 11      0.00905538514
13 8       0.0140801278
13 12       0.0130384048
13 48      0.00820060973
13 49       0.0112361025
14 28       0.0106437775
14 15      0.00901387819
14 27      0.00693108938
14 26      0.00801560977
15 16      0.00832165849
15 18      0.00632455532
15 24      0.00806225775
15 25      0.00603738354
16 14       0.0121655251
16 17       0.0114236597
16 15      0.00832165849
16 18       0.0091241438
17 46       0.0170660482
17 19       0.0169189243
17 16       0.0114236597
17 18       0.0162249807
18 24      0.00781024968
18 15      0.00632455532
18 22      0.00565685425
18 23      0.00602079729
19 38       0.0121757957
19 22       0.0106066017
19 20      0.00665281895
19 21       0.0105475116
20 34      0.00864927743
20 22      0.00689637586
20 21      0.00453982379
20 19      0.00665281895
21 23      0.00632455532
21 20      0.00453982379
21 34      0.00412310563
21 22      0.00427200187
22 18      0.00565685425
22 34      0.00559016994
22 23       0.0049244289
22 21      0.00427200187
23 18      0.00602079729
23 24             0.0045
23 22       0.0049244289
23 34      0.00360555128
24 31              0.006
24 25      0.00452216762
24 33       0.0026925824
24 23             0.0045
25 26      0.00581807528
25 33      0.00577061522
25 31      0.00347131099
25 24      0.00452216762
26 31      0.00583095189
26 25      0.00581807528
26 27      0.00524309069
26 28      0.00455411901
27 29      0.00750266619
27 14      0.00693108938
27 28             0.0045
27 26      0.00524309069
28 32      0.00738173421
28 26      0.00455411901
28 29       0.0036796739
28 27             0.0045
29 32      0.00782623792
29 27      0.00750266619
29 28       0.0036796739
29 30      0.00632455532
30 27       0.0125175876
30 28      0.00979489663
30 29      0.00632455532
30 2      0.00955248659
31 26      0.00583095189
31 33      0.00559016994
31 25      0.00347131099
31 32      0.00390512484
32 26             0.0075
32 28      0.00738173421
32 31      0.00390512484
32 25      0.00735527022
33 23      0.00604152299
33 25      0.00577061522
33 24       0.0026925824
33 31      0.00559016994
34 22      0.00559016994
34 21      0.00412310563
34 35      0.00447213596
34 23      0.00360555128
35 21      0.00781024968
35 33       0.0071063352
35 34      0.00447213596
35 23              0.007
36 38       0.0169779268
36 19       0.0145773797
36 37      0.00917877988
36 20       0.0142042247
37 39        0.017691806
37 19       0.0174427635
37 36      0.00917877988
37 38       0.0126491106
38 36       0.0169779268
38 39       0.0160312195
38 19       0.0121757957
38 37       0.0126491106
39 91       0.0184458667
39 37        0.017691806
39 38       0.0160312195
39 90       0.0170660482
40 42       0.0237697286
40 87       0.0215406592
40 43             0.0145
40 41       0.0202484567
41 66       0.0258069758
41 85       0.0210059515
41 87       0.0192353841
41 40       0.0202484567
42 41       0.0282311884
42 54       0.0270601183
42 43       0.0115433964
42 40       0.0237697286
43 41       0.0270046292
43 44       0.0255007843
43 40             0.0145
43 42       0.0115433964
44 47       0.0204619158
44 46       0.0169540556
44 54       0.0188066478
44 45       0.0120370262
45 48        0.012349089
45 44       0.0120370262
45 47      0.00982344135
45 46       0.0107354553
46 44       0.0169540556
46 16       0.0140801278
46 45       0.0107354553
46 47             0.0075
47 49        0.013453624
47 48       0.0102956301
47 46             0.0075
47 45      0.00982344135
48 47       0.0102956301
48 50      0.00900777442
48 13      0.00820060973
48 49      0.00412310563
49 13       0.0112361025
49 12       0.0110113578
49 48      0.00412310563
49 50      0.00497393205
50 51       0.0132849539
50 12      0.00931074648
50 49      0.00497393205
50 48      0.00900777442
51 53        0.013892444
51 52       0.0127137721
51 50       0.0132849539
51 60       0.0111803399
52 50       0.0203226475
52 54       0.0156041661
52 53      0.00926498786
52 51       0.0127137721
53 54       0.0203039405
53 59             0.0195
53 51        0.013892444
53 52      0.00926498786
54 42       0.0270601183
54 53       0.0203039405
54 52       0.0156041661
54 44       0.0188066478
55 41       0.0491172068
55 54        0.049002551
55 66       0.0381903129
55 42       0.0389165774
56 54       0.0415030119
56 53          0.0352881
56 57       0.0332453004
56 58       0.0343402097
57 61              0.037
57 56       0.0332453004
57 59       0.0292617498
57 58      0.00254950976
58 61        0.034503623
58 56       0.0343402097
58 59       0.0270416346
58 57      0.00254950976
59 53             0.0195
59 51       0.0173277235
59 61       0.0123794184
59 60       0.0140801278
60 59       0.0140801278
60 51       0.0111803399
60 62       0.0109658561
60 61       0.0111803399
61 59       0.0123794184
61 60       0.0111803399
61 62             0.0095
61 63      0.00986154146
62 10       0.0115433964
62 60       0.0109658561
62 61             0.0095
62 63      0.00961769203
63 10        0.017670597
63 64       0.0156524758
63 62      0.00961769203
63 61      0.00986154146
64 10        0.031484123
64 62       0.0252685575
64 63       0.0156524758
64 61        0.022588714
65 61       0.0704556598
65 6       0.0698086671
65 64       0.0478774477
65 63       0.0628589691
66 84       0.0306634962
66 83       0.0294491086
66 67       0.0251445819
66 41       0.0258069758
67 84       0.0373162163
67 68       0.0265836416
67 66       0.0251445819
67 83       0.0265424189
68 67       0.0265836416
68 83       0.0247040483
68 69       0.0183967388
68 70       0.0229268402
69 80       0.0389101529
69 71       0.0272946881
69 70       0.0133416641
69 68       0.0183967388
70 72       0.0262429038
70 68       0.0229268402
70 69       0.0133416641
70 71       0.0148660687
71 74       0.0240831892
71 72       0.0190601679
71 70       0.0148660687
71 73       0.0142126704
72 80        0.018970767
72 76        0.016344418
72 75       0.0118422971
72 74       0.0161148999
73 194       0.0230488611
73 72       0.0209258214
73 71       0.0142126704
73 74       0.0147648231
74 193       0.0174140748
74 72       0.0161148999
74 75       0.0128549601
74 73       0.0147648231
75 79        0.020880613
75 74       0.0128549601
75 76       0.0106066017
75 72       0.0118422971
76 72        0.016344418
76 79       0.0121037184
76 75       0.0106066017
76 77       0.0107703296
77 98       0.0120415946
77 79       0.0115108644
77 76       0.0107703296
77 97      0.00781024968
78 94        0.015435349
78 77       0.0152315462
78 97              0.015
78 96              0.012
79 78       0.0155080624
79 76       0.0121037184
79 77       0.0115108644
79 80       0.0100124922
80 77       0.0215232433
80 72        0.018970767
80 76       0.0196786687
80 79       0.0100124922
81 83       0.0180277564
81 84       0.0142126704
81 82      0.00701783442
81 94       0.0136473441
82 94       0.0202484567
82 84       0.0116726175
82 81      0.00701783442
82 83       0.0111018017
83 68       0.0247040483
83 81       0.0180277564
83 82       0.0111018017
83 84        0.013453624
84 85       0.0173349358
84 81       0.0142126704
84 82       0.0116726175
84 83        0.013453624
85 88       0.0194164878
85 84       0.0173349358
85 86       0.0102591423
85 87       0.0103077641
86 93       0.0172626765
86 88       0.0159138305
86 85       0.0102591423
86 94       0.0126491106
87 41       0.0192353841
87 86       0.0177200451
87 85       0.0103077641
87 88       0.0175570499
88 86       0.0159138305
88 90       0.0109658561
88 93        0.015041609
88 89      0.00939201789
89 93       0.0115134704
89 88      0.00939201789
89 92      0.00811541743
89 90      0.00758023746
90 88       0.0109658561
90 92       0.0106301458
90 91      0.00790569415
90 89      0.00758023746
91 117       0.0127059041
91 92        0.012509996
91 90      0.00790569415
91 118       0.0101118742
92 91        0.012509996
92 112       0.0116297033
92 89      0.00811541743
92 90       0.0106301458
93 92       0.0155724115
93 88        0.015041609
93 89       0.0115134704
93 95      0.00855862138
94 78        0.015435349
94 81       0.0136473441
94 95       0.0120104121
94 86       0.0126491106
95 96       0.0158902486
95 78       0.0155080624
95 94       0.0120104121
95 93      0.00855862138
96 98       0.0143178211
96 78              0.012
96 97              0.009
96 100       0.0103077641
97 100       0.0107354553
97 96              0.009
97 98      0.00721110255
97 77      0.00781024968
98 77       0.0120415946
98 99      0.00967677632
98 97      0.00721110255
98 100      0.00965660396
99 77       0.0170950285
99 97       0.0159762323
99 98      0.00967677632
99 176       0.0117745488
100 103       0.0165435788
100 97       0.0107354553
100 98      0.00965660396
100 96       0.0103077641
101 106       0.0120149906
101 104       0.0115883562
101 105      0.00686221539
101 110      0.00681835757
102 104      0.00565685425
102 174             0.0045
102 134              0.002
102 175      0.00339705755
103 134      0.00686221539
103 104      0.00488773976
103 102       0.0065030762
103 175       0.0045177428
104 175      0.00647610994
104 103      0.00488773976
104 102      0.00565685425
104 134      0.00447213596
105 107      0.00838152731
105 104      0.00806225775
105 101      0.00686221539
105 106      0.00617170965
106 130      0.00618465844
106 131      0.00460977223
106 105      0.00617170965
106 107      0.00404474968
107 131      0.00811233628
107 108      0.00769220385
107 130             0.0065
107 106      0.00404474968
108 113      0.00905207159
108 110      0.00885098865
108 109      0.00401123422
108 107      0.00769220385
109 111       0.0100498756
109 113             0.0065
109 108      0.00401123422
109 110      0.00610327781
110 108      0.00885098865
110 111      0.00763216876
110 109      0.00610327781
110 101      0.00681835757
111 113       0.0102591423
111 109       0.0100498756
111 110      0.00763216876
111 112      0.00851469318
112 117        0.011501739
112 111      0.00851469318
112 113       0.0081394103
112 114      0.00557584074
113 108      0.00905207159
113 114       0.0079649231
113 112       0.0081394103
113 109             0.0065
114 113       0.0079649231
114 115      0.00751531769
114 117      0.00735391052
114 112      0.00557584074
115 124      0.00812711511
115 114      0.00751531769
115 123      0.00460977223
115 116      0.00526307895
116 123      0.00781600921
116 117      0.00631981012
116 115      0.00526307895
116 122      0.00587281874
117 119      0.00800562302
117 114      0.00735391052
117 118      0.00759539334
117 116      0.00631981012
118 91       0.0101118742
118 120      0.00961769203
118 119              0.004
118 117      0.00759539334
119 117      0.00800562302
119 122      0.00797119815
119 118              0.004
119 116      0.00782623792
120 495        0.012349089
120 496       0.0102902867
120 118      0.00961769203
120 119      0.00982344135
121 125      0.00728971879
121 122      0.00724223722
121 126      0.00553624421
121 493       0.0064899923
122 121      0.00724223722
122 493      0.00599082632
122 125      0.00551452627
122 116      0.00587281874
123 122      0.00738241153
123 125      0.00718401002
123 124      0.00356931366
123 115      0.00460977223
124 493       0.0073979727
124 125      0.00637887137
124 127      0.00544885309
124 123      0.00356931366
125 127      0.00604152299
125 122      0.00551452627
125 126      0.00497694686
125 493      0.00114017543
126 491      0.00652533524
126 121      0.00553624421
126 493      0.00384837628
126 125      0.00497694686
127 126      0.00796052762
127 493      0.00632455532
127 125      0.00604152299
127 124      0.00544885309
128 381      0.00890224691
128 140      0.00668505797
128 129      0.00502493781
128 141      0.00446430286
129 130      0.00607289058
129 138      0.00559016994
129 140      0.00514198405
129 128      0.00502493781
130 129      0.00607289058
130 131      0.00583095189
130 138      0.00437378555
130 137      0.00510881591
131 130      0.00583095189
131 137      0.00570087713
131 106      0.00460977223
131 133      0.00550817574
132 172      0.00431740663
132 136             0.0038
132 133     0.000707106781
132 135      0.00111803399
133 172      0.00493355855
133 136      0.00432897216
133 132     0.000707106781
133 135             0.0015
134 135      0.00540832691
134 175      0.00497393205
134 102              0.002
134 104      0.00447213596
135 136      0.00441474801
135 172      0.00353411941
135 132      0.00111803399
135 133             0.0015
136 133      0.00432897216
136 169      0.00325729949
136 132             0.0038
136 170      0.00273130006
137 131      0.00570087713
137 158      0.00516623654
137 130      0.00510881591
137 138      0.00480520551
138 129      0.00559016994
138 139      0.00509901951
138 130      0.00437378555
138 137      0.00480520551
139 159      0.00583095189
139 140      0.00576974869
139 138      0.00509901951
139 151             0.0039
140 139      0.00576974869
140 141      0.00514198405
140 129      0.00514198405
140 142      0.00430116263
141 381      0.00592283716
141 142      0.00532353266
141 140      0.00514198405
141 128      0.00446430286
142 148      0.00446430286
142 144      0.00424381903
142 140      0.00430116263
142 149      0.00346554469
143 148             0.0075
143 146             0.0068
143 145      0.00344818793
143 144      0.00398120585
144 142      0.00424381903
144 143      0.00398120585
144 145      0.00265706605
144 148      0.00368781778
145 148      0.00481040539
145 143      0.00344818793
145 144      0.00265706605
145 146      0.00335410197
146 147      0.00538516481
146 144       0.0045177428
146 148      0.00353411941
146 145      0.00335410197
147 149      0.00378021163
147 148             0.0037
147 152      0.00323882695
147 150      0.00223606798
148 144      0.00368781778
148 146      0.00353411941
148 150      0.00262488095
148 149      0.00216333077
149 147      0.00378021163
149 142      0.00346554469
149 150      0.00164012195
149 148      0.00216333077
150 151      0.00404474968
150 148      0.00262488095
150 149      0.00164012195
150 147      0.00223606798
151 147      0.00396988665
151 139             0.0039
151 160      0.00326955654
151 152      0.00310644491
152 157      0.00452769257
152 147      0.00323882695
152 160       0.0033286634
152 151      0.00310644491
153 154      0.00585234996
153 146      0.00538516481
153 147              0.004
153 152      0.00474236228
154 153      0.00585234996
154 157      0.00546260011
154 155       0.0020808652
154 156             0.0035
155 152      0.00587281874
155 157      0.00383275358
155 154       0.0020808652
155 156      0.00216333077
156 161      0.00670522185
156 157      0.00516623654
156 154             0.0035
156 155      0.00216333077
157 159      0.00450998891
157 155      0.00383275358
157 160      0.00286006993
157 161      0.00358468967
158 169       0.0067941151
158 137      0.00516623654
158 159      0.00447213596
158 162      0.00450998891
159 157      0.00450998891
159 158      0.00447213596
159 160      0.00297321375
159 161      0.00431393092
160 152       0.0033286634
160 151      0.00326955654
160 159      0.00297321375
160 157      0.00286006993
161 155      0.00644049688
161 160      0.00508035432
161 159      0.00431393092
161 157      0.00358468967
162 169      0.00492544414
162 163      0.00474236228
162 167      0.00418807832
162 158      0.00450998891
163 166      0.00672681202
163 167             0.0055
163 162      0.00474236228
163 164             0.0045
164 357      0.00794292138
164 167       0.0071063352
164 166      0.00452769257
164 163             0.0045
165 168      0.00954148835
165 182      0.00509215082
165 183       0.0089738509
165 219      0.00474341649
166 168       0.0067941151
166 163      0.00672681202
166 164      0.00452769257
166 167      0.00509901951
167 166      0.00509901951
167 170      0.00462709412
167 169      0.00396988665
167 162      0.00418807832
168 172      0.00866083137
168 173      0.00711125868
168 171      0.00605392435
168 166       0.0067941151
169 162      0.00492544414
169 170      0.00403112887
169 136      0.00325729949
169 167      0.00396988665
170 172      0.00425440948
170 169      0.00403112887
170 171      0.00389101529
170 136      0.00273130006
171 168      0.00605392435
171 136      0.00602992537
171 172      0.00284253408
171 170      0.00389101529
172 132      0.00431740663
172 170      0.00425440948
172 171      0.00284253408
172 135      0.00353411941
173 168      0.00711125868
173 175      0.00696419414
173 102      0.00689637586
173 174      0.00371618084
174 134             0.0065
174 173      0.00371618084
174 102             0.0045
174 175      0.00333016516
175 134      0.00497393205
175 103       0.0045177428
175 102      0.00339705755
175 174      0.00333016516
176 103       0.0141364776
176 178       0.0135532284
176 99       0.0117745488
176 179       0.0107935166
177 191       0.0175445148
177 187       0.0108461975
177 178      0.00752927619
177 188      0.00961769203
178 180       0.0120066648
178 179       0.0103870111
178 177      0.00752927619
178 187      0.00890224691
179 173       0.0109274883
179 176       0.0107935166
179 180        0.007119691
179 178       0.0103870111
180 178       0.0120066648
180 187       0.0119920807
180 181      0.00631981012
180 179        0.007119691
181 184      0.00832165849
181 182      0.00693541635
181 183      0.00588557559
181 180      0.00631981012
182 219      0.00702353188
182 181      0.00693541635
182 183      0.00393192065
182 165      0.00509215082
183 218       0.0068767725
183 184      0.00613921819
183 181      0.00588557559
183 182      0.00393192065
184 181      0.00832165849
184 218      0.00667083203
184 185             0.0055
184 183      0.00613921819
185 218      0.00955248659
185 217      0.00837615664
185 184             0.0055
185 186      0.00743303437
186 187       0.0109836242
186 216       0.0101138519
186 185      0.00743303437
186 215             0.0095
187 180       0.0119920807
187 186       0.0109836242
187 177       0.0108461975
187 178      0.00890224691
188 178       0.0168549696
188 187       0.0161721984
188 177      0.00961769203
188 191       0.0135059246
189 214       0.0197772597
189 188       0.0188597455
189 190       0.0109384642
189 206       0.0124555209
190 206       0.0207511445
190 193       0.0173366663
190 192       0.0119251834
190 189       0.0109384642
191 75       0.0220047722
191 177       0.0175445148
191 188       0.0135059246
191 193        0.015033629
192 194       0.0238379949
192 189       0.0228372503
192 190       0.0119251834
192 193       0.0146372812
193 74       0.0174140748
193 190       0.0173366663
193 192       0.0146372812
193 191        0.015033629
194 193       0.0283637092
194 73       0.0230488611
194 192       0.0238379949
194 195        0.011208925
195 193       0.0381934549
195 73        0.033360006
195 192       0.0303527593
195 194        0.011208925
196 203       0.0426057508
196 206       0.0422640509
196 197       0.0363593179
196 204       0.0228089895
197 200       0.0376430604
197 196       0.0363593179
197 199        0.017613915
197 198       0.0200249844
198 196       0.0547813837
198 200       0.0302654919
198 197       0.0200249844
198 199       0.0244182309
199 200       0.0514417146
199 196       0.0492061988
199 197        0.017613915
199 198       0.0244182309
200 203       0.0387330608
200 197       0.0376430604
200 201       0.0275862284
200 198       0.0302654919
201 251       0.0402150469
201 252       0.0311567007
201 253       0.0295169443
201 200       0.0275862284
202 251       0.0200124961
202 243       0.0173649071
202 239       0.0152643375
202 240       0.0172409396
203 239       0.0316622804
203 204       0.0205182845
203 202       0.0229455878
203 205       0.0193349425
204 202       0.0413823634
204 205             0.0262
204 203       0.0205182845
204 196       0.0228089895
205 202       0.0220531177
205 239       0.0194200927
205 240       0.0193310631
205 203       0.0193349425
206 208       0.0177634456
206 207       0.0139262342
206 189       0.0124555209
206 214        0.013453624
207 214          0.0133544
207 210       0.0114808536
207 208      0.00412310563
207 209      0.00880511215
208 211       0.0106329676
208 210      0.00787464285
208 209       0.0049729267
208 207      0.00412310563
209 207      0.00880511215
209 211      0.00804549563
209 208       0.0049729267
209 210      0.00730616178
210 208      0.00787464285
210 212       0.0050009999
210 209      0.00730616178
210 211      0.00403112887
211 209      0.00804549563
211 212      0.00674240313
211 210      0.00403112887
211 236      0.00657343137
212 236             0.0075
212 211      0.00674240313
212 210       0.0050009999
212 213      0.00564003546
213 235       0.0109036691
213 210       0.0100568385
213 212      0.00564003546
213 216      0.00939627586
214 206        0.013453624
214 207          0.0133544
214 215        0.010511898
214 213       0.0112361025
215 213       0.0119268604
215 214        0.010511898
215 186             0.0095
215 216      0.00771621669
216 224         0.01010198
216 213      0.00939627586
216 215      0.00771621669
216 217      0.00919238816
217 216      0.00919238816
217 222      0.00776659514
217 185      0.00837615664
217 224       0.0063031738
218 185      0.00955248659
218 184      0.00667083203
218 183       0.0068767725
218 220      0.00509901951
219 183      0.00983514108
219 364      0.00975909832
219 165      0.00474341649
219 182      0.00702353188
220 184       0.0115108644
220 359       0.0100169856
220 221      0.00624819974
220 218      0.00509901951
221 218        0.011001818
221 359        0.010008996
221 220      0.00624819974
221 225             0.0077
222 235       0.0112587744
222 217      0.00776659514
222 224      0.00171172428
222 223      0.00512249939
223 227        0.011448144
223 235      0.00704556598
223 224      0.00645368112
223 222      0.00512249939
224 216         0.01010198
224 223      0.00645368112
224 222      0.00171172428
224 217       0.0063031738
225 226       0.0122347865
225 359       0.0101237345
225 227       0.0120208153
225 221             0.0077
226 360        0.012549502
226 225       0.0122347865
226 359        0.012509996
226 361       0.0121708669
227 225       0.0120208153
227 232       0.0118004237
227 228      0.00954410813
227 223        0.011448144
228 225       0.0127941393
228 232       0.0126150704
228 229       0.0114057003
228 227      0.00954410813
229 226       0.0152869225
229 481       0.0143401534
229 230       0.0099744674
229 228       0.0114057003
230 232       0.0155415572
230 228       0.0143178211
230 229       0.0099744674
230 231       0.0132018938
231 230       0.0132018938
231 233       0.0119816526
231 232      0.00522015325
231 279       0.0116249731
232 234       0.0122983739
232 233       0.0116107709
232 227       0.0118004237
232 231      0.00522015325
233 231       0.0119816526
233 232       0.0116107709
233 280       0.0103711137
233 234       0.0111516815
234 232       0.0122983739
234 236       0.0108632408
234 233       0.0111516815
234 235       0.0103942292
235 234       0.0103942292
235 212      0.00952680429
235 236      0.00600083328
235 223      0.00704556598
236 210      0.00909725233
236 212             0.0075
236 211      0.00657343137
236 235      0.00600083328
237 209       0.0111462998
237 236       0.0109480592
237 211      0.00836002392
237 238      0.00802246845
238 234       0.0151330764
238 280       0.0150402793
238 233       0.0123842642
238 237      0.00802246845
239 205       0.0194200927
239 243       0.0172261429
239 202       0.0152643375
239 240      0.00206155281
240 243             0.0187
240 282       0.0186303516
240 202       0.0172409396
240 239      0.00206155281
241 240        0.024012705
241 282        0.023815961
241 242       0.0172072659
241 283       0.0213321354
242 257       0.0215613079
242 244       0.0198806439
242 243       0.0150376195
242 241       0.0172072659
243 202       0.0173649071
243 239       0.0172261429
243 242       0.0150376195
243 244       0.0132849539
244 250       0.0184458667
244 248       0.0151604749
244 245       0.0149164339
244 243       0.0132849539
245 249       0.0178868667
245 244       0.0149164339
245 248      0.00809567786
245 246       0.0140513345
246 249       0.0151082759
246 248       0.0135092561
246 245       0.0140513345
246 247      0.00849058302
247 254       0.0190625287
247 248       0.0150562279
247 246      0.00849058302
247 249       0.0104062481
248 246       0.0135092561
248 250       0.0122102416
248 245      0.00809567786
248 249       0.0102449988
249 246       0.0151082759
249 247       0.0104062481
249 248       0.0102449988
249 250       0.0094810337
250 252       0.0162015431
250 251       0.0127475488
250 249       0.0094810337
250 248       0.0122102416
251 202       0.0200124961
251 244       0.0194486503
251 250       0.0127475488
251 252      0.00906035319
252 202       0.0251453773
252 249       0.0243823707
252 251      0.00906035319
252 250       0.0162015431
253 247       0.0253475837
253 254       0.0241138964
253 249       0.0215520301
253 250       0.0237065392
254 246       0.0256329866
254 253       0.0241138964
254 247       0.0190625287
254 255       0.0175635987
255 246       0.0322876137
255 247       0.0298077171
255 254       0.0175635987
255 256       0.0225108863
256 254       0.0271503223
256 255       0.0225108863
256 247       0.0219462981
256 246       0.0178103902
257 241       0.0325262971
257 244       0.0289352726
257 242       0.0215613079
257 245       0.0272809457
258 266      0.00759605161
258 422      0.00621771662
258 265      0.00530094331
258 259      0.00481663783
259 266      0.00815965686
259 265       0.0049979996
259 260      0.00380525952
259 258      0.00481663783
260 262      0.00604152299
260 261      0.00494974747
260 259      0.00380525952
260 363      0.00452769257
261 263      0.00531507291
261 260      0.00494974747
261 262      0.00223606798
261 363      0.00412310563
262 260      0.00604152299
262 264      0.00565685425
262 263       0.0049244289
262 261      0.00223606798
263 361      0.00773886297
263 268      0.00764852927
263 261      0.00531507291
263 262       0.0049244289
264 265      0.00640312424
264 266      0.00538516481
264 262      0.00565685425
264 267      0.00291547595
265 422      0.00611882342
265 258      0.00530094331
265 266      0.00316227766
265 259       0.0049979996
266 422       0.0053141321
266 423      0.00460977223
266 265      0.00316227766
266 267      0.00430116263
267 423      0.00602079729
267 480      0.00585234996
267 266      0.00430116263
267 264      0.00291547595
268 361       0.0121198185
268 264       0.0114127122
268 262       0.0112361025
268 263      0.00764852927
269 362             0.0065
269 358      0.00514781507
269 360     0.000707106781
269 361      0.00465188134
270 271       0.0170293864
270 483       0.0148408221
270 273      0.00950210503
270 484      0.00681835757
271 485       0.0145794376
271 486       0.0128160056
271 272      0.00890224691
271 273       0.0117341382
272 304       0.0172191754
272 293       0.0138578498
272 271      0.00890224691
272 273      0.00993176721
273 484       0.0163150238
273 271       0.0117341382
273 272      0.00993176721
273 270      0.00950210503
274 275       0.0213190056
274 273       0.0198919582
274 292         0.01897472
274 270       0.0192353841
275 230       0.0175068558
275 279       0.0164754363
275 277       0.0108853112
275 276       0.0094810337
276 278       0.0115039124
276 275       0.0094810337
276 277       0.0104048066
276 279       0.0081394103
277 279       0.0181276033
277 278       0.0133056379
277 276       0.0104048066
277 275       0.0108853112
278 280       0.0150748134
278 277       0.0133056379
278 276       0.0115039124
278 279       0.0129957685
279 278       0.0129957685
279 231       0.0116249731
279 276       0.0081394103
279 280       0.0108231234
280 278       0.0150748134
280 238       0.0150402793
280 233       0.0103711137
280 279       0.0108231234
281 278        0.021639085
281 282       0.0191269443
281 283       0.0177341479
281 280       0.0180277564
282 239       0.0206770404
282 281       0.0191269443
282 283       0.0135624482
282 240       0.0186303516
283 284       0.0263865496
283 241       0.0213321354
283 282       0.0135624482
283 281       0.0177341479
284 277       0.0360934897
284 278       0.0346770818
284 283       0.0263865496
284 241       0.0287960067
285 291       0.0434885042
285 284       0.0376563408
285 290       0.0279508497
285 286       0.0351069794
286 290       0.0585341781
286 257       0.0459918471
286 285       0.0351069794
286 287       0.0373965239
287 290       0.0503015904
287 288       0.0480520551
287 286       0.0373965239
287 285       0.0455411901
288 298        0.036796739
288 299       0.0284429253
288 290        0.021662179
288 289       0.0226384628
289 296       0.0226565664
289 288       0.0226384628
289 298       0.0143003496
289 297       0.0173922396
290 297       0.0298804284
290 285       0.0279508497
290 288        0.021662179
290 289       0.0228527898
291 295       0.0205788727
291 292       0.0181532366
291 296        0.010264989
291 297       0.0164784708
292 295       0.0242860042
292 277       0.0236222353
292 291       0.0181532366
292 274         0.01897472
293 294       0.0207963939
293 273       0.0163670401
293 272       0.0138578498
293 295       0.0142126704
294 293       0.0207963939
294 297       0.0190168346
294 298       0.0141509717
294 295       0.0147610975
295 297       0.0147922277
295 294       0.0147610975
295 296       0.0138715536
295 293       0.0142126704
296 298       0.0172284648
296 295       0.0138715536
296 297      0.00648459713
296 291        0.010264989
297 291       0.0164784708
297 295       0.0147922277
297 296      0.00648459713
297 298       0.0108577162
298 296       0.0172284648
298 289       0.0143003496
298 297       0.0108577162
298 294       0.0141509717
299 288       0.0284429253
299 289       0.0248696602
299 300        0.024129857
299 301       0.0165302753
300 289       0.0477624329
300 302        0.038108398
300 299        0.024129857
300 301       0.0149164339
301 298       0.0338710791
301 302       0.0268001866
301 299       0.0165302753
301 300       0.0149164339
302 301       0.0268001866
302 294       0.0262154535
302 303         0.02596151
302 304        0.025019992
303 329       0.0366878727
303 304               0.03
303 302         0.02596151
303 330       0.0246981781
304 294       0.0246221445
304 271       0.0210059515
304 293       0.0231244459
304 272       0.0172191754
305 466       0.0217313138
305 307       0.0140801278
305 465       0.0190591186
305 306       0.0129034879
306 307       0.0136473441
306 466       0.0126589889
306 305       0.0129034879
306 488       0.0116726175
307 466       0.0116619038
307 459       0.0103077641
307 465              0.005
307 460        0.010198039
308 464       0.0134848063
308 463       0.0133416641
308 310      0.00864060183
308 320      0.00970824392
309 314      0.00856329376
309 320      0.00766093989
309 310      0.00774209274
309 319      0.00668505797
310 320      0.00900055554
310 313      0.00866083137
310 309      0.00774209274
310 308      0.00864060183
311 310        0.016516961
311 463       0.0163477827
311 312       0.0087321246
311 313      0.00905538514
312 310       0.0219718001
312 314             0.0167
312 311       0.0087321246
312 313        0.013313527
313 309       0.0115624392
313 314      0.00942019108
313 310      0.00866083137
313 311      0.00905538514
314 319        0.011573245
314 315       0.0111865991
314 313      0.00942019108
314 309      0.00856329376
315 317       0.0128160056
315 318       0.0112361025
315 314       0.0111865991
315 319       0.0104403065
316 324       0.0208676784
316 340       0.0184390889
316 317       0.0127475488
316 341       0.0164176734
317 315       0.0128160056
317 316       0.0127475488
317 324       0.0119230868
317 323       0.0119682914
318 321       0.0142302495
318 315       0.0112361025
318 322       0.0107004673
318 319      0.00960468636
319 315       0.0104403065
319 320       0.0100498756
319 318      0.00960468636
319 309      0.00668505797
320 319       0.0100498756
320 308      0.00970824392
320 309      0.00766093989
320 310      0.00900055554
321 327       0.0146030819
321 318       0.0142302495
321 328      0.00764852927
321 322        0.012083046
322 321        0.012083046
322 325       0.0109658561
322 318       0.0107004673
322 323      0.00797119815
323 317       0.0119682914
323 325       0.0102122475
323 322      0.00797119815
323 324      0.00664830806
324 325       0.0125781557
324 337       0.0120420098
324 317       0.0119230868
324 323      0.00664830806
325 327        0.013453624
325 324       0.0125781557
325 322       0.0109658561
325 323       0.0102122475
326 334       0.0216946998
326 328       0.0179446371
326 327       0.0109114619
326 333       0.0175616058
327 321       0.0146030819
327 325        0.013453624
327 326       0.0109114619
327 328       0.0112361025
328 326       0.0179446371
328 322       0.0176776695
328 321      0.00764852927
328 327       0.0112361025
329 321       0.0248394847
329 328       0.0194550765
329 330       0.0141421356
329 331       0.0152069063
330 305       0.0304138127
330 303       0.0246981781
330 329       0.0141421356
330 331       0.0236907155
331 326       0.0264378517
331 330       0.0236907155
331 329       0.0152069063
331 332       0.0177341479
332 329       0.0309556134
332 326       0.0231572883
332 333       0.0157876534
332 331       0.0177341479
333 327       0.0282179021
333 334       0.0192937814
333 326       0.0175616058
333 332       0.0157876534
334 326       0.0216946998
334 333       0.0192937814
334 335       0.0145773797
334 336        0.018179659
335 338       0.0264393646
335 347       0.0237541575
335 334       0.0145773797
335 336       0.0148660687
336 334        0.018179659
336 338       0.0154932243
336 335       0.0148660687
336 337       0.0143178211
337 339       0.0158003165
337 325       0.0135830777
337 336       0.0143178211
337 324       0.0120420098
338 340        0.018501081
338 337       0.0158316139
338 336       0.0154932243
338 339       0.0108521887
339 337       0.0158003165
339 341       0.0130115333
339 340      0.00782304289
339 338       0.0108521887
340 337       0.0181176709
340 324       0.0171773106
340 339      0.00782304289
340 341      0.00677790528
341 324       0.0224142812
341 316       0.0164176734
341 340      0.00677790528
341 339       0.0130115333
342 345       0.0507666229
342 344          0.0495101
342 350       0.0364485939
342 343       0.0306349474
343 341       0.0509322098
343 345        0.040929818
343 344       0.0253031619
343 342       0.0306349474
344 339       0.0281726818
344 341       0.0281396517
344 345       0.0249098374
344 343       0.0253031619
345 339              0.034
345 338       0.0279873186
345 344       0.0249098374
345 349       0.0247832605
346 349       0.0396964734
346 335       0.0337083076
346 347       0.0104694795
346 348       0.0207183494
347 334       0.0339611543
347 335       0.0237541575
347 346       0.0104694795
347 348       0.0227982455
348 335       0.0432261495
348 349       0.0233379519
348 347       0.0227982455
348 346       0.0207183494
349 346       0.0396964734
349 345       0.0247832605
349 347       0.0356485624
349 348       0.0233379519
350 343       0.0670820393
350 352       0.0581485167
350 351       0.0266270539
350 342       0.0364485939
351 342       0.0629483916
351 353       0.0605392435
351 352       0.0376198086
351 350       0.0266270539
352 351       0.0376198086
352 355       0.0343402097
352 353       0.0272442655
352 354              0.029
353 356       0.0514514334
353 355       0.0435660418
353 352       0.0272442655
353 354        0.022588714
354 356       0.0291290233
354 352              0.029
354 353        0.022588714
354 355       0.0232647802
355 353       0.0435660418
355 354       0.0232647802
355 352       0.0343402097
355 356       0.0220056811
356 352       0.0525594901
356 353       0.0514514334
356 355       0.0220056811
356 354       0.0291290233
357 363      0.00941488184
357 362      0.00800562302
357 164      0.00794292138
357 364      0.00413400532
358 362       0.0087321246
358 359      0.00604069532
358 269      0.00514781507
358 360      0.00538516481
359 221        0.010008996
359 269      0.00857263087
359 358      0.00604069532
359 360      0.00826377638
360 362      0.00715891053
360 358      0.00538516481
360 269     0.000707106781
360 361      0.00446542271
361 362      0.00780320447
361 263      0.00773886297
361 360      0.00446542271
361 269      0.00465188134
362 360      0.00715891053
362 269             0.0065
362 364              0.005
362 363      0.00585234996
363 262      0.00632455532
363 362      0.00585234996
363 261      0.00412310563
363 260      0.00452769257
364 358      0.00901387819
364 363      0.00890224691
364 357      0.00413400532
364 362              0.005
365 154      0.00756901579
365 153             0.0072
