0 506 boston POLY_ID
1 30       0.0233452351
1 32        0.023307724
2 27      0.00971287805
2 30      0.00955248659
3 7              0.014
3 4       0.0128062485
4 7      0.00894427191
4 5      0.00781024968
5 6       0.0081394103
5 4      0.00781024968
6 4       0.0159138305
6 5       0.0081394103
7 8       0.0130862523
7 4      0.00894427191
8 11             0.0065
8 9       0.0049244289
9 8       0.0049244289
9 11      0.00447213596
10 11              0.006
10 9      0.00565685425
11 10              0.006
11 9      0.00447213596
12 50      0.00931074648
12 11      0.00905538514
13 49       0.0112361025
13 48      0.00820060973
14 26      0.00801560977
14 27      0.00693108938
15 18      0.00632455532
15 25      0.00603738354
16 18       0.0091241438
16 15      0.00832165849
17 18       0.0162249807
17 16       0.0114236597
18 23      0.00602079729
18 22      0.00565685425
19 21       0.0105475116
19 20      0.00665281895
20 19      0.00665281895
20 21      0.00453982379
21 22      0.00427200187
21 34      0.00412310563
22 23       0.0049244289
22 21      0.00427200187
23 24             0.0045
23 34      0.00360555128
24 23             0.0045
24 33       0.0026925824
25 24      0.00452216762
25 31      0.00347131099
26 27      0.00524309069
26 28      0.00455411901
27 26      0.00524309069
27 28             0.0045
28 27             0.0045
28 29       0.0036796739
29 30      0.00632455532
29 28       0.0036796739
30 2      0.00955248659
30 29      0.00632455532
31 32      0.00390512484
31 25      0.00347131099
32 25      0.00735527022
32 31      0.00390512484
33 31      0.00559016994
33 24       0.0026925824
34 21      0.00412310563
34 23      0.00360555128
35 23              0.007
35 34      0.00447213596
36 20       0.0142042247
36 37      0.00917877988
37 38       0.0126491106
37 36      0.00917877988
38 37       0.0126491106
38 19       0.0121757957
39 90       0.0170660482
39 38       0.0160312195
40 41       0.0202484567
40 43             0.0145
41 40       0.0202484567
41 87       0.0192353841
42 40       0.0237697286
42 43       0.0115433964
43 40             0.0145
43 42       0.0115433964
44 46       0.0169540556
44 45       0.0120370262
45 46       0.0107354553
45 47      0.00982344135
46 45       0.0107354553
46 47             0.0075
47 45      0.00982344135
47 46             0.0075
48 13      0.00820060973
48 49      0.00412310563
49 50      0.00497393205
49 48      0.00412310563
50 48      0.00900777442
50 49      0.00497393205
51 52       0.0127137721
51 60       0.0111803399
52 51       0.0127137721
52 53      0.00926498786
53 51        0.013892444
53 52      0.00926498786
54 44       0.0188066478
54 52       0.0156041661
55 42       0.0389165774
55 66       0.0381903129
56 58       0.0343402097
56 57       0.0332453004
57 59       0.0292617498
57 58      0.00254950976
58 59       0.0270416346
58 57      0.00254950976
59 60       0.0140801278
59 61       0.0123794184
60 61       0.0111803399
60 62       0.0109658561
61 63      0.00986154146
61 62             0.0095
62 63      0.00961769203
62 61             0.0095
63 61      0.00986154146
63 62      0.00961769203
64 61        0.022588714
64 63       0.0156524758
65 63       0.0628589691
65 64       0.0478774477
66 41       0.0258069758
66 67       0.0251445819
67 83       0.0265424189
67 66       0.0251445819
68 70       0.0229268402
68 69       0.0183967388
69 68       0.0183967388
69 70       0.0133416641
70 71       0.0148660687
70 69       0.0133416641
71 70       0.0148660687
71 73       0.0142126704
72 74       0.0161148999
72 75       0.0118422971
73 74       0.0147648231
73 71       0.0142126704
74 73       0.0147648231
74 75       0.0128549601
75 72       0.0118422971
75 76       0.0106066017
76 77       0.0107703296
76 75       0.0106066017
77 76       0.0107703296
77 97      0.00781024968
78 97              0.015
78 96              0.012
79 77       0.0115108644
79 80       0.0100124922
80 72        0.018970767
80 79       0.0100124922
81 94       0.0136473441
81 82      0.00701783442
82 83       0.0111018017
82 81      0.00701783442
83 84        0.013453624
83 82       0.0111018017
84 83        0.013453624
84 82       0.0116726175
85 87       0.0103077641
85 86       0.0102591423
86 94       0.0126491106
86 85       0.0102591423
87 88       0.0175570499
87 85       0.0103077641
88 90       0.0109658561
88 89      0.00939201789
89 92      0.00811541743
89 90      0.00758023746
90 91      0.00790569415
90 89      0.00758023746
91 118       0.0101118742
91 90      0.00790569415
92 90       0.0106301458
92 89      0.00811541743
93 89       0.0115134704
93 95      0.00855862138
94 86       0.0126491106
94 95       0.0120104121
95 94       0.0120104121
95 93      0.00855862138
96 100       0.0103077641
96 97              0.009
97 77      0.00781024968
97 98      0.00721110255
98 100      0.00965660396
98 97      0.00721110255
99 176       0.0117745488
99 98      0.00967677632
100 96       0.0103077641
100 98      0.00965660396
101 105      0.00686221539
101 110      0.00681835757
102 175      0.00339705755
102 134              0.002
103 104      0.00488773976
103 175       0.0045177428
104 103      0.00488773976
104 134      0.00447213596
105 101      0.00686221539
105 106      0.00617170965
106 131      0.00460977223
106 107      0.00404474968
107 130             0.0065
107 106      0.00404474968
108 107      0.00769220385
108 109      0.00401123422
109 110      0.00610327781
109 108      0.00401123422
110 101      0.00681835757
110 109      0.00610327781
111 112      0.00851469318
111 110      0.00763216876
112 113       0.0081394103
112 114      0.00557584074
113 114       0.0079649231
113 109             0.0065
114 117      0.00735391052
114 112      0.00557584074
115 116      0.00526307895
115 123      0.00460977223
116 122      0.00587281874
116 115      0.00526307895
117 114      0.00735391052
117 116      0.00631981012
118 117      0.00759539334
118 119              0.004
119 116      0.00782623792
119 118              0.004
120 119      0.00982344135
120 118      0.00961769203
121 493       0.0064899923
121 126      0.00553624421
122 116      0.00587281874
122 125      0.00551452627
123 115      0.00460977223
123 124      0.00356931366
124 127      0.00544885309
124 123      0.00356931366
125 126      0.00497694686
125 493      0.00114017543
126 125      0.00497694686
126 493      0.00384837628
127 125      0.00604152299
127 124      0.00544885309
128 129      0.00502493781
128 141      0.00446430286
129 140      0.00514198405
129 128      0.00502493781
130 137      0.00510881591
130 138      0.00437378555
131 133      0.00550817574
131 106      0.00460977223
132 135      0.00111803399
132 133     0.000707106781
133 135             0.0015
133 132     0.000707106781
134 104      0.00447213596
134 102              0.002
135 133             0.0015
135 132      0.00111803399
136 169      0.00325729949
136 170      0.00273130006
137 130      0.00510881591
137 138      0.00480520551
138 137      0.00480520551
138 130      0.00437378555
139 138      0.00509901951
139 151             0.0039
140 141      0.00514198405
140 142      0.00430116263
141 140      0.00514198405
141 128      0.00446430286
142 144      0.00424381903
142 149      0.00346554469
143 144      0.00398120585
143 145      0.00344818793
144 148      0.00368781778
144 145      0.00265706605
145 146      0.00335410197
145 144      0.00265706605
146 148      0.00353411941
146 145      0.00335410197
147 152      0.00323882695
147 150      0.00223606798
148 150      0.00262488095
148 149      0.00216333077
149 148      0.00216333077
149 150      0.00164012195
150 147      0.00223606798
150 149      0.00164012195
151 160      0.00326955654
151 152      0.00310644491
152 147      0.00323882695
152 151      0.00310644491
153 152      0.00474236228
153 147              0.004
154 156             0.0035
154 155       0.0020808652
155 156      0.00216333077
155 154       0.0020808652
156 154             0.0035
156 155      0.00216333077
157 161      0.00358468967
157 160      0.00286006993
158 162      0.00450998891
158 159      0.00447213596
159 161      0.00431393092
159 160      0.00297321375
160 159      0.00297321375
160 157      0.00286006993
161 159      0.00431393092
161 157      0.00358468967
162 158      0.00450998891
162 167      0.00418807832
163 162      0.00474236228
163 164             0.0045
164 166      0.00452769257
164 163             0.0045
165 182      0.00509215082
165 219      0.00474341649
166 167      0.00509901951
166 164      0.00452769257
167 162      0.00418807832
167 169      0.00396988665
168 166       0.0067941151
168 171      0.00605392435
169 167      0.00396988665
169 136      0.00325729949
170 171      0.00389101529
170 136      0.00273130006
171 170      0.00389101529
171 172      0.00284253408
172 135      0.00353411941
172 171      0.00284253408
173 102      0.00689637586
173 174      0.00371618084
174 173      0.00371618084
174 175      0.00333016516
175 102      0.00339705755
175 174      0.00333016516
176 99       0.0117745488
176 179       0.0107935166
177 188      0.00961769203
177 178      0.00752927619
178 187      0.00890224691
178 177      0.00752927619
179 178       0.0103870111
179 180        0.007119691
180 179        0.007119691
180 181      0.00631981012
181 180      0.00631981012
181 183      0.00588557559
182 165      0.00509215082
182 183      0.00393192065
183 181      0.00588557559
183 182      0.00393192065
184 183      0.00613921819
184 185             0.0055
185 186      0.00743303437
185 184             0.0055
186 215             0.0095
186 185      0.00743303437
187 177       0.0108461975
187 178      0.00890224691
188 191       0.0135059246
188 177      0.00961769203
189 206       0.0124555209
189 190       0.0109384642
190 192       0.0119251834
190 189       0.0109384642
191 193        0.015033629
191 188       0.0135059246
192 193       0.0146372812
192 190       0.0119251834
193 191        0.015033629
193 192       0.0146372812
194 73       0.0230488611
194 195        0.011208925
195 192       0.0303527593
195 194        0.011208925
196 197       0.0363593179
196 204       0.0228089895
197 198       0.0200249844
197 199        0.017613915
198 199       0.0244182309
198 197       0.0200249844
199 198       0.0244182309
199 197        0.017613915
200 198       0.0302654919
200 201       0.0275862284
201 253       0.0295169443
201 200       0.0275862284
202 240       0.0172409396
202 239       0.0152643375
203 204       0.0205182845
203 205       0.0193349425
204 196       0.0228089895
204 203       0.0205182845
205 203       0.0193349425
205 240       0.0193310631
206 214        0.013453624
206 189       0.0124555209
207 209      0.00880511215
207 208      0.00412310563
208 209       0.0049729267
208 207      0.00412310563
209 210      0.00730616178
209 208       0.0049729267
210 212       0.0050009999
210 211      0.00403112887
211 236      0.00657343137
211 210      0.00403112887
212 213      0.00564003546
212 210       0.0050009999
213 216      0.00939627586
213 212      0.00564003546
214 213       0.0112361025
214 215        0.010511898
215 186             0.0095
215 216      0.00771621669
216 217      0.00919238816
216 215      0.00771621669
217 222      0.00776659514
217 224       0.0063031738
218 184      0.00667083203
218 220      0.00509901951
219 182      0.00702353188
219 165      0.00474341649
220 221      0.00624819974
220 218      0.00509901951
221 225             0.0077
221 220      0.00624819974
222 223      0.00512249939
222 224      0.00171172428
223 224      0.00645368112
223 222      0.00512249939
224 217       0.0063031738
224 222      0.00171172428
225 359       0.0101237345
225 221             0.0077
226 225       0.0122347865
226 361       0.0121708669
227 223        0.011448144
227 228      0.00954410813
228 229       0.0114057003
228 227      0.00954410813
229 228       0.0114057003
229 230       0.0099744674
230 231       0.0132018938
230 229       0.0099744674
231 279       0.0116249731
231 232      0.00522015325
232 233       0.0116107709
232 231      0.00522015325
233 234       0.0111516815
233 280       0.0103711137
234 236       0.0108632408
234 235       0.0103942292
235 223      0.00704556598
235 236      0.00600083328
236 211      0.00657343137
236 235      0.00600083328
237 211      0.00836002392
237 238      0.00802246845
238 233       0.0123842642
238 237      0.00802246845
239 202       0.0152643375
239 240      0.00206155281
240 202       0.0172409396
240 239      0.00206155281
241 283       0.0213321354
241 242       0.0172072659
242 241       0.0172072659
242 243       0.0150376195
243 242       0.0150376195
243 244       0.0132849539
244 245       0.0149164339
244 243       0.0132849539
245 246       0.0140513345
245 248      0.00809567786
246 248       0.0135092561
246 247      0.00849058302
247 249       0.0104062481
247 246      0.00849058302
248 249       0.0102449988
248 245      0.00809567786
249 248       0.0102449988
249 250       0.0094810337
250 248       0.0122102416
250 249       0.0094810337
251 250       0.0127475488
251 252      0.00906035319
252 250       0.0162015431
252 251      0.00906035319
253 250       0.0237065392
253 249       0.0215520301
254 247       0.0190625287
254 255       0.0175635987
255 256       0.0225108863
255 254       0.0175635987
256 247       0.0219462981
256 246       0.0178103902
257 245       0.0272809457
257 242       0.0215613079
258 265      0.00530094331
258 259      0.00481663783
259 258      0.00481663783
259 260      0.00380525952
260 363      0.00452769257
260 259      0.00380525952
261 363      0.00412310563
261 262      0.00223606798
262 263       0.0049244289
262 261      0.00223606798
263 261      0.00531507291
263 262       0.0049244289
264 266      0.00538516481
264 267      0.00291547595
265 259       0.0049979996
265 266      0.00316227766
266 267      0.00430116263
266 265      0.00316227766
267 266      0.00430116263
267 264      0.00291547595
268 262       0.0112361025
268 263      0.00764852927
269 361      0.00465188134
269 360     0.000707106781
270 273      0.00950210503
270 484      0.00681835757
271 273       0.0117341382
271 272      0.00890224691
272 273      0.00993176721
272 271      0.00890224691
273 272      0.00993176721
273 270      0.00950210503
274 270       0.0192353841
274 292         0.01897472
275 277       0.0108853112
275 276       0.0094810337
276 275       0.0094810337
276 279       0.0081394103
277 275       0.0108853112
277 276       0.0104048066
278 279       0.0129957685
278 276       0.0115039124
279 280       0.0108231234
279 276       0.0081394103
280 279       0.0108231234
280 233       0.0103711137
281 280       0.0180277564
281 283       0.0177341479
282 240       0.0186303516
282 283       0.0135624482
283 281       0.0177341479
283 282       0.0135624482
284 241       0.0287960067
284 283       0.0263865496
285 286       0.0351069794
285 290       0.0279508497
286 287       0.0373965239
286 285       0.0351069794
287 285       0.0455411901
287 286       0.0373965239
288 289       0.0226384628
288 290        0.021662179
289 297       0.0173922396
289 298       0.0143003496
290 289       0.0228527898
290 288        0.021662179
291 297       0.0164784708
291 296        0.010264989
292 274         0.01897472
292 291       0.0181532366
293 295       0.0142126704
293 272       0.0138578498
294 295       0.0147610975
294 298       0.0141509717
295 293       0.0142126704
295 296       0.0138715536
296 291        0.010264989
296 297      0.00648459713
297 298       0.0108577162
297 296      0.00648459713
298 294       0.0141509717
298 297       0.0108577162
299 300        0.024129857
299 301       0.0165302753
300 299        0.024129857
300 301       0.0149164339
301 299       0.0165302753
301 300       0.0149164339
302 303         0.02596151
302 304        0.025019992
303 302         0.02596151
303 330       0.0246981781
304 271       0.0210059515
304 272       0.0172191754
305 307       0.0140801278
305 306       0.0129034879
306 466       0.0126589889
306 488       0.0116726175
307 460        0.010198039
307 465              0.005
308 320      0.00970824392
308 310      0.00864060183
309 320      0.00766093989
309 319      0.00668505797
310 308      0.00864060183
310 309      0.00774209274
311 313      0.00905538514
311 312       0.0087321246
312 313        0.013313527
312 311       0.0087321246
313 311      0.00905538514
313 310      0.00866083137
314 313      0.00942019108
314 309      0.00856329376
315 314       0.0111865991
315 319       0.0104403065
316 341       0.0164176734
316 317       0.0127475488
317 323       0.0119682914
317 324       0.0119230868
318 322       0.0107004673
318 319      0.00960468636
319 318      0.00960468636
319 309      0.00668505797
320 310      0.00900055554
320 309      0.00766093989
321 322        0.012083046
321 328      0.00764852927
322 318       0.0107004673
322 323      0.00797119815
323 322      0.00797119815
323 324      0.00664830806
324 317       0.0119230868
324 323      0.00664830806
325 322       0.0109658561
325 323       0.0102122475
326 333       0.0175616058
326 327       0.0109114619
327 328       0.0112361025
327 326       0.0109114619
328 327       0.0112361025
328 321      0.00764852927
329 331       0.0152069063
329 330       0.0141421356
330 331       0.0236907155
330 329       0.0141421356
331 332       0.0177341479
331 329       0.0152069063
332 331       0.0177341479
332 333       0.0157876534
333 326       0.0175616058
333 332       0.0157876534
334 336        0.018179659
334 335       0.0145773797
335 336       0.0148660687
335 334       0.0145773797
336 335       0.0148660687
336 337       0.0143178211
337 325       0.0135830777
337 324       0.0120420098
338 336       0.0154932243
338 339       0.0108521887
339 338       0.0108521887
339 340      0.00782304289
340 339      0.00782304289
340 341      0.00677790528
341 339       0.0130115333
341 340      0.00677790528
342 350       0.0364485939
342 343       0.0306349474
343 342       0.0306349474
343 344       0.0253031619
344 343       0.0253031619
344 345       0.0249098374
345 344       0.0249098374
345 349       0.0247832605
346 348       0.0207183494
346 347       0.0104694795
347 348       0.0227982455
347 346       0.0104694795
348 347       0.0227982455
348 346       0.0207183494
349 345       0.0247832605
349 348       0.0233379519
350 342       0.0364485939
350 351       0.0266270539
351 352       0.0376198086
351 350       0.0266270539
352 354              0.029
352 353       0.0272442655
353 352       0.0272442655
353 354        0.022588714
354 355       0.0232647802
354 353        0.022588714
355 354       0.0232647802
355 356       0.0220056811
356 354       0.0291290233
356 355       0.0220056811
357 164      0.00794292138
357 364      0.00413400532
358 360      0.00538516481
358 269      0.00514781507
359 360      0.00826377638
359 358      0.00604069532
360 361      0.00446542271
360 269     0.000707106781
361 269      0.00465188134
361 360      0.00446542271
362 363      0.00585234996
362 364              0.005
363 260      0.00452769257
363 261      0.00412310563
364 362              0.005
364 357      0.00413400532
365 367       0.0067941151
365 366      0.00235372046
366 367      0.00596154342
366 365      0.00235372046
367 412      0.00531507291
367 368      0.00367151195
368 367      0.00367151195
368 412      0.00304138127
369 411      0.00349857114
369 370      0.00262488095
370 368      0.00560892146
370 369      0.00262488095
371 373      0.00454862617
371 372      0.00167630546
372 373      0.00297321375
372 371      0.00167630546
373 372      0.00297321375
373 407      0.00174642492
374 376        0.004327817
374 375      0.00211896201
375 407      0.00453541619
375 374      0.00211896201
376 377      0.00336005952
376 378      0.00281780056
377 378      0.00403112887
377 376      0.00336005952
378 379      0.00262488095
378 380      0.00223606798
379 380             0.0027
379 378      0.00262488095
380 378      0.00223606798
380 382      0.00180277564
381 141      0.00592283716
381 382      0.00509901951
382 378      0.00390512484
382 380      0.00180277564
383 388      0.00417851648
383 384      0.00226715681
384 383      0.00226715681
384 388             0.0022
385 386      0.00241660919
385 387      0.00174642492
386 385      0.00241660919
386 387      0.00193132079
387 386      0.00193132079
387 385      0.00174642492
388 387      0.00214009346
388 389      0.00211896201
389 384             0.0025
389 388      0.00211896201
390 384      0.00482700735
390 389      0.00374833296
391 392      0.00798498591
391 390      0.00619838689
392 504       0.0111664677
392 391      0.00798498591
393 387      0.00382099463
393 386      0.00359026461
394 396      0.00548178803
394 395      0.00371214224
395 394      0.00371214224
395 396      0.00202237484
396 397      0.00401123422
396 395      0.00202237484
397 396      0.00401123422
397 398      0.00325729949
398 396      0.00410365691
398 397      0.00325729949
399 396      0.00945304184
399 398      0.00689637586
400 406       0.0026925824
400 401      0.00213775583
401 405      0.00214709106
401 400      0.00213775583
402 403             0.0027
402 401      0.00263058929
403 404       0.0032984845
403 402             0.0027
404 401      0.00315753068
404 405      0.00246981781
405 404      0.00246981781
405 401      0.00214709106
406 401       0.0046389654
406 400       0.0026925824
407 375      0.00453541619
407 373      0.00174642492
408 410      0.00410365691
408 411      0.00380788655
409 411      0.00353553391
409 410      0.00205912603
410 409      0.00205912603
410 411      0.00165529454
411 369      0.00349857114
411 410      0.00165529454
412 368      0.00304138127
412 413      0.00247588368
413 412      0.00247588368
413 414      0.00242074369
414 409      0.00376961536
414 413      0.00242074369
415 416      0.00474236228
415 414      0.00431393092
416 417      0.00250599282
416 439      0.00180277564
417 439      0.00418688428
417 416      0.00250599282
418 413      0.00362353419
418 419      0.00324499615
419 428      0.00327566787
419 418      0.00324499615
420 421      0.00332415403
420 426      0.00332415403
421 424      0.00420119031
421 420      0.00332415403
422 423      0.00502891638
422 421      0.00425205833
423 266      0.00460977223
423 480      0.00254950976
424 421      0.00420119031
424 425      0.00403112887
425 427      0.00362353419
425 479      0.00327566787
426 427      0.00355105618
426 420      0.00332415403
427 428      0.00288444102
427 479             0.0024
428 429      0.00296984848
428 427      0.00288444102
429 428      0.00296984848
429 478      0.00211896201
430 437      0.00403608721
430 438      0.00401123422
431 479      0.00254950976
431 477      0.00205912603
432 433       0.0030016662
432 476     0.000608276253
433 432       0.0030016662
433 476      0.00265706605
434 451      0.00353553391
434 435      0.00336005952
435 434      0.00336005952
435 436      0.00291547595
436 435      0.00291547595
436 437      0.00264764046
437 436      0.00264764046
437 438             0.0026
438 437             0.0026
438 439             0.0021
439 438             0.0021
439 416      0.00180277564
440 444      0.00486621002
440 445      0.00403112887
441 440      0.00512445119
441 443      0.00398246155
442 443      0.00403112887
442 448       0.0026925824
443 441      0.00398246155
443 444      0.00380525952
444 443      0.00380525952
444 447      0.00268328157
445 444      0.00388973007
445 446      0.00360555128
446 438      0.00336005952
446 437      0.00301496269
447 448      0.00344093011
447 444      0.00268328157
448 447      0.00344093011
448 442       0.0026925824
449 448      0.00360555128
449 452       0.0026925824
450 436      0.00388329757
450 449      0.00375366488
451 434      0.00353553391
451 435      0.00353411941
452 449       0.0026925824
452 454       0.0026925824
453 448      0.00583095189
453 462      0.00460977223
454 449              0.005
454 452       0.0026925824
455 461      0.00471699057
455 451       0.0042296572
456 457      0.00455411901
456 434      0.00380788655
457 456      0.00455411901
457 458      0.00350570963
458 467      0.00380788655
458 457      0.00350570963
459 460             0.0045
459 458      0.00412310563
460 459             0.0045
460 461             0.0038
461 455      0.00471699057
461 460             0.0038
462 454      0.00559016994
462 453      0.00460977223
463 462      0.00640312424
463 464             0.0052
464 462      0.00704556598
464 463             0.0052
465 460      0.00538516481
465 307              0.005
466 458      0.00610327781
466 467             0.0035
467 458      0.00380788655
467 466             0.0035
468 474      0.00937229961
468 470      0.00626498204
469 470      0.00460977223
469 471              0.004
470 468      0.00626498204
470 469      0.00460977223
471 470      0.00672681202
471 469              0.004
472 483      0.00819390017
472 473      0.00526117858
473 483       0.0108231234
473 472      0.00526117858
474 480       0.0121938509
474 468      0.00937229961
475 477      0.00522015325
475 433      0.00384187454
476 433      0.00265706605
476 432     0.000608276253
477 479      0.00337342556
477 431      0.00205912603
478 479      0.00308058436
478 429      0.00211896201
479 431      0.00254950976
479 427             0.0024
480 424      0.00510881591
480 423      0.00254950976
481 483       0.0131487642
481 482      0.00588557559
482 483      0.00820060973
482 481      0.00588557559
483 482      0.00820060973
483 472      0.00819390017
484 483      0.00942019108
484 270      0.00681835757
485 486       0.0100702532
485 487      0.00895600357
486 487       0.0101242284
486 485       0.0100702532
487 485      0.00895600357
487 488      0.00884590301
488 487      0.00884590301
488 469      0.00860232527
489 492      0.00478016736
489 490      0.00400249922
490 489      0.00400249922
490 491      0.00371214224
491 489      0.00609261848
491 490      0.00371214224
492 490      0.00826619622
492 489      0.00478016736
493 126      0.00384837628
493 125      0.00114017543
494 499      0.00753259583
494 495             0.0038
495 496      0.00510783712
495 494             0.0038
496 494       0.0087321246
496 495      0.00510783712
497 499      0.00806225775
497 498      0.00693541635
498 500      0.00761577311
498 497      0.00693541635
499 494      0.00753259583
499 500      0.00696419414
500 498      0.00761577311
500 499      0.00696419414
501 502      0.00906862724
501 500      0.00820060973
502 505       0.0073545904
502 503      0.00622012862
503 505      0.00494974747
503 504      0.00408533964
504 505      0.00756901579
504 503      0.00408533964
505 506      0.00583095189
505 503      0.00494974747
506 503       0.0107004673
506 505      0.00583095189
