0 506 boston POLY_ID
1 32        0.023307724
2 30      0.00955248659
3 4       0.0128062485
4 5      0.00781024968
5 4      0.00781024968
6 5       0.0081394103
7 4      0.00894427191
8 9       0.0049244289
9 11      0.00447213596
10 9      0.00565685425
11 9      0.00447213596
12 11      0.00905538514
13 48      0.00820060973
14 27      0.00693108938
15 25      0.00603738354
16 15      0.00832165849
17 16       0.0114236597
18 22      0.00565685425
19 20      0.00665281895
20 21      0.00453982379
21 34      0.00412310563
22 21      0.00427200187
23 34      0.00360555128
24 33       0.0026925824
25 31      0.00347131099
26 28      0.00455411901
27 28             0.0045
28 29       0.0036796739
29 28       0.0036796739
30 29      0.00632455532
31 25      0.00347131099
32 31      0.00390512484
33 24       0.0026925824
34 23      0.00360555128
35 34      0.00447213596
36 37      0.00917877988
37 36      0.00917877988
38 19       0.0121757957
39 38       0.0160312195
40 43             0.0145
41 87       0.0192353841
42 43       0.0115433964
43 42       0.0115433964
44 45       0.0120370262
45 47      0.00982344135
46 47             0.0075
47 46             0.0075
48 49      0.00412310563
49 48      0.00412310563
50 49      0.00497393205
51 60       0.0111803399
52 53      0.00926498786
53 52      0.00926498786
54 52       0.0156041661
55 66       0.0381903129
56 57       0.0332453004
57 58      0.00254950976
58 57      0.00254950976
59 61       0.0123794184
60 62       0.0109658561
61 62             0.0095
62 61             0.0095
63 62      0.00961769203
64 63       0.0156524758
65 64       0.0478774477
66 67       0.0251445819
67 66       0.0251445819
68 69       0.0183967388
69 70       0.0133416641
70 69       0.0133416641
71 73       0.0142126704
72 75       0.0118422971
73 71       0.0142126704
74 75       0.0128549601
75 76       0.0106066017
76 75       0.0106066017
77 97      0.00781024968
78 96              0.012
79 80       0.0100124922
80 79       0.0100124922
81 82      0.00701783442
82 81      0.00701783442
83 82       0.0111018017
84 82       0.0116726175
85 86       0.0102591423
86 85       0.0102591423
87 85       0.0103077641
88 89      0.00939201789
89 90      0.00758023746
90 89      0.00758023746
91 90      0.00790569415
92 89      0.00811541743
93 95      0.00855862138
94 95       0.0120104121
95 93      0.00855862138
96 97              0.009
97 98      0.00721110255
98 97      0.00721110255
99 98      0.00967677632
100 98      0.00965660396
101 110      0.00681835757
102 134              0.002
103 175       0.0045177428
104 134      0.00447213596
105 106      0.00617170965
106 107      0.00404474968
107 106      0.00404474968
108 109      0.00401123422
109 108      0.00401123422
110 109      0.00610327781
111 110      0.00763216876
112 114      0.00557584074
113 109             0.0065
114 112      0.00557584074
115 123      0.00460977223
116 115      0.00526307895
117 116      0.00631981012
118 119              0.004
119 118              0.004
120 118      0.00961769203
121 126      0.00553624421
122 125      0.00551452627
123 124      0.00356931366
124 123      0.00356931366
125 493      0.00114017543
126 493      0.00384837628
127 124      0.00544885309
128 141      0.00446430286
129 128      0.00502493781
130 138      0.00437378555
131 106      0.00460977223
132 133     0.000707106781
133 132     0.000707106781
134 102              0.002
135 132      0.00111803399
136 170      0.00273130006
137 138      0.00480520551
138 130      0.00437378555
139 151             0.0039
140 142      0.00430116263
141 128      0.00446430286
142 149      0.00346554469
143 145      0.00344818793
144 145      0.00265706605
145 144      0.00265706605
146 145      0.00335410197
147 150      0.00223606798
148 149      0.00216333077
149 150      0.00164012195
150 149      0.00164012195
151 152      0.00310644491
152 151      0.00310644491
153 147              0.004
154 155       0.0020808652
155 154       0.0020808652
156 155      0.00216333077
157 160      0.00286006993
158 159      0.00447213596
159 160      0.00297321375
160 157      0.00286006993
161 157      0.00358468967
162 167      0.00418807832
163 164             0.0045
164 163             0.0045
165 219      0.00474341649
166 164      0.00452769257
167 169      0.00396988665
168 171      0.00605392435
169 136      0.00325729949
170 136      0.00273130006
171 172      0.00284253408
172 171      0.00284253408
173 174      0.00371618084
174 175      0.00333016516
175 174      0.00333016516
176 179       0.0107935166
177 178      0.00752927619
178 177      0.00752927619
179 180        0.007119691
180 181      0.00631981012
181 183      0.00588557559
182 183      0.00393192065
183 182      0.00393192065
184 185             0.0055
185 184             0.0055
186 185      0.00743303437
187 178      0.00890224691
188 177      0.00961769203
189 190       0.0109384642
190 189       0.0109384642
191 188       0.0135059246
192 190       0.0119251834
193 192       0.0146372812
194 195        0.011208925
195 194        0.011208925
196 204       0.0228089895
197 199        0.017613915
198 197       0.0200249844
199 197        0.017613915
200 201       0.0275862284
201 200       0.0275862284
202 239       0.0152643375
203 205       0.0193349425
204 203       0.0205182845
205 240       0.0193310631
206 189       0.0124555209
207 208      0.00412310563
208 207      0.00412310563
209 208       0.0049729267
210 211      0.00403112887
211 210      0.00403112887
212 210       0.0050009999
213 212      0.00564003546
214 215        0.010511898
215 216      0.00771621669
216 215      0.00771621669
217 224       0.0063031738
218 220      0.00509901951
219 165      0.00474341649
220 218      0.00509901951
221 220      0.00624819974
222 224      0.00171172428
223 222      0.00512249939
224 222      0.00171172428
225 221             0.0077
226 361       0.0121708669
227 228      0.00954410813
228 227      0.00954410813
229 230       0.0099744674
230 229       0.0099744674
231 232      0.00522015325
232 231      0.00522015325
233 280       0.0103711137
234 235       0.0103942292
235 236      0.00600083328
236 235      0.00600083328
237 238      0.00802246845
238 237      0.00802246845
239 240      0.00206155281
240 239      0.00206155281
241 242       0.0172072659
242 243       0.0150376195
243 244       0.0132849539
244 243       0.0132849539
245 248      0.00809567786
246 247      0.00849058302
247 246      0.00849058302
248 245      0.00809567786
249 250       0.0094810337
250 249       0.0094810337
251 252      0.00906035319
252 251      0.00906035319
253 249       0.0215520301
254 255       0.0175635987
255 254       0.0175635987
256 246       0.0178103902
257 242       0.0215613079
258 259      0.00481663783
259 260      0.00380525952
260 259      0.00380525952
261 262      0.00223606798
262 261      0.00223606798
263 262       0.0049244289
264 267      0.00291547595
265 266      0.00316227766
266 265      0.00316227766
267 264      0.00291547595
268 263      0.00764852927
269 360     0.000707106781
270 484      0.00681835757
271 272      0.00890224691
272 271      0.00890224691
273 270      0.00950210503
274 292         0.01897472
275 276       0.0094810337
276 279       0.0081394103
277 276       0.0104048066
278 276       0.0115039124
279 276       0.0081394103
280 233       0.0103711137
281 283       0.0177341479
282 283       0.0135624482
283 282       0.0135624482
284 283       0.0263865496
285 290       0.0279508497
286 285       0.0351069794
287 286       0.0373965239
288 290        0.021662179
289 298       0.0143003496
290 288        0.021662179
291 296        0.010264989
292 291       0.0181532366
293 272       0.0138578498
294 298       0.0141509717
295 296       0.0138715536
296 297      0.00648459713
297 296      0.00648459713
298 297       0.0108577162
299 301       0.0165302753
300 301       0.0149164339
301 300       0.0149164339
302 304        0.025019992
303 330       0.0246981781
304 272       0.0172191754
305 306       0.0129034879
306 488       0.0116726175
307 465              0.005
308 310      0.00864060183
309 319      0.00668505797
310 309      0.00774209274
311 312       0.0087321246
312 311       0.0087321246
313 310      0.00866083137
314 309      0.00856329376
315 319       0.0104403065
316 317       0.0127475488
317 324       0.0119230868
318 319      0.00960468636
319 309      0.00668505797
320 309      0.00766093989
321 328      0.00764852927
322 323      0.00797119815
323 324      0.00664830806
324 323      0.00664830806
325 323       0.0102122475
326 327       0.0109114619
327 326       0.0109114619
328 321      0.00764852927
329 330       0.0141421356
330 329       0.0141421356
331 329       0.0152069063
332 333       0.0157876534
333 332       0.0157876534
334 335       0.0145773797
335 334       0.0145773797
336 337       0.0143178211
337 324       0.0120420098
338 339       0.0108521887
339 340      0.00782304289
340 341      0.00677790528
341 340      0.00677790528
342 343       0.0306349474
343 344       0.0253031619
344 345       0.0249098374
345 349       0.0247832605
346 347       0.0104694795
347 346       0.0104694795
348 346       0.0207183494
349 348       0.0233379519
350 351       0.0266270539
351 350       0.0266270539
352 353       0.0272442655
353 354        0.022588714
354 353        0.022588714
355 356       0.0220056811
356 355       0.0220056811
357 364      0.00413400532
358 269      0.00514781507
359 358      0.00604069532
360 269     0.000707106781
361 360      0.00446542271
362 364              0.005
363 261      0.00412310563
364 357      0.00413400532
365 366      0.00235372046
366 365      0.00235372046
367 368      0.00367151195
368 412      0.00304138127
369 370      0.00262488095
370 369      0.00262488095
371 372      0.00167630546
372 371      0.00167630546
373 407      0.00174642492
374 375      0.00211896201
375 374      0.00211896201
376 378      0.00281780056
377 376      0.00336005952
378 380      0.00223606798
379 378      0.00262488095
380 382      0.00180277564
381 382      0.00509901951
382 380      0.00180277564
383 384      0.00226715681
384 388             0.0022
385 387      0.00174642492
386 387      0.00193132079
387 385      0.00174642492
388 389      0.00211896201
389 388      0.00211896201
390 389      0.00374833296
391 390      0.00619838689
392 391      0.00798498591
393 386      0.00359026461
394 395      0.00371214224
395 396      0.00202237484
396 395      0.00202237484
397 398      0.00325729949
398 397      0.00325729949
399 398      0.00689637586
400 401      0.00213775583
401 400      0.00213775583
402 401      0.00263058929
403 402             0.0027
404 405      0.00246981781
405 401      0.00214709106
406 400       0.0026925824
407 373      0.00174642492
408 411      0.00380788655
409 410      0.00205912603
410 411      0.00165529454
411 410      0.00165529454
412 413      0.00247588368
413 414      0.00242074369
414 413      0.00242074369
415 414      0.00431393092
416 439      0.00180277564
417 416      0.00250599282
418 419      0.00324499615
419 418      0.00324499615
420 426      0.00332415403
421 420      0.00332415403
422 421      0.00425205833
423 480      0.00254950976
424 425      0.00403112887
425 479      0.00327566787
426 420      0.00332415403
427 479             0.0024
428 427      0.00288444102
429 478      0.00211896201
430 438      0.00401123422
431 477      0.00205912603
432 476     0.000608276253
433 476      0.00265706605
434 435      0.00336005952
435 436      0.00291547595
436 437      0.00264764046
437 438             0.0026
438 439             0.0021
439 416      0.00180277564
440 445      0.00403112887
441 443      0.00398246155
442 448       0.0026925824
443 444      0.00380525952
444 447      0.00268328157
445 446      0.00360555128
446 437      0.00301496269
447 444      0.00268328157
448 442       0.0026925824
449 452       0.0026925824
450 449      0.00375366488
451 435      0.00353411941
452 454       0.0026925824
453 462      0.00460977223
454 452       0.0026925824
455 451       0.0042296572
456 434      0.00380788655
457 458      0.00350570963
458 457      0.00350570963
459 458      0.00412310563
460 461             0.0038
461 460             0.0038
462 453      0.00460977223
463 464             0.0052
464 463             0.0052
465 307              0.005
466 467             0.0035
467 466             0.0035
468 470      0.00626498204
469 471              0.004
470 469      0.00460977223
471 469              0.004
472 473      0.00526117858
473 472      0.00526117858
474 468      0.00937229961
475 433      0.00384187454
476 432     0.000608276253
477 431      0.00205912603
478 429      0.00211896201
479 427             0.0024
480 423      0.00254950976
481 482      0.00588557559
482 481      0.00588557559
483 472      0.00819390017
484 270      0.00681835757
485 487      0.00895600357
486 485       0.0100702532
487 488      0.00884590301
488 469      0.00860232527
489 490      0.00400249922
490 491      0.00371214224
491 490      0.00371214224
492 489      0.00478016736
493 125      0.00114017543
494 495             0.0038
495 494             0.0038
496 495      0.00510783712
497 498      0.00693541635
498 497      0.00693541635
499 500      0.00696419414
500 499      0.00696419414
501 500      0.00820060973
502 503      0.00622012862
503 504      0.00408533964
504 503      0.00408533964
505 503      0.00494974747
506 505      0.00583095189
